Train_MSE: 4.148685558798768e-05
Train_RMSE: 0.00644102907833738
Test_MSE: 0.019445047154790437
Test_RMSE: 0.13944549886887866
