Train_MSE: 0.000489240854807233
Train_RMSE: 0.022118789632510027
Test_MSE: 0.007818493805475987
Test_RMSE: 0.08842224723154228
