Train_MSE: 0.012814597776038383
Train_RMSE: 0.11320158027182475
Test_MSE: 0.05480032461514889
Test_RMSE: 0.2340946915569614
