Train_MSE: 0.019574478159279877
Train_RMSE: 0.13990882087731238
Test_MSE: 0.014352840513527759
Test_RMSE: 0.11980334099484771
