Train_MSE: 0.0037466894710716236
Train_RMSE: 0.06121020724578233
Test_MSE: 0.012299738611039711
Test_RMSE: 0.1109041866253917
