Train_MSE: 0.0017644772743087404
Train_RMSE: 0.042005681452736136
Test_MSE: 0.00786229956984086
Test_RMSE: 0.08866960905429132
