Train_MSE: 0.003243570407359685
Train_RMSE: 0.056952352079257314
Test_MSE: 0.018962201149227833
Test_RMSE: 0.13770330841787293
