Train_MSE: 0.014873998655616545
Train_RMSE: 0.12195900399567285
Test_MSE: 0.12532733419841924
Test_RMSE: 0.35401600839286806
