Train_MSE: 0.016547351604765902
Train_RMSE: 0.1286365096104753
Test_MSE: 0.11246074710904652
Test_RMSE: 0.33535167676492467
