Train_MSE: 0.00011270867106977996
Train_RMSE: 0.010616434009109648
Test_MSE: 0.007689926290508219
Test_RMSE: 0.0876922248007668
