Train_MSE: 0.0013254546584265258
Train_RMSE: 0.03640679412453843
Test_MSE: 0.42698747921852176
Test_RMSE: 0.6534427895527823
