Train_MSE: 0.003844488121473554
Train_RMSE: 0.06200393633853865
Test_MSE: 0.042915427622149144
Test_RMSE: 0.2071603910552139
