Train_MSE: 0.000979327587051756
Train_RMSE: 0.031294210120272344
Test_MSE: 0.0077821497711967605
Test_RMSE: 0.08821649375936884
